0,0,0,1
0,0,1,1
1,0,0,1
1,0,1,1
1,0,2,1
1,1,0,1
2,0,1,1
2,0,2,1
2,0,3,1
2,0,4,1
2,1,0,1
2,1,1,1
2,1,2,1
2,2,0,1
3,0,2,1
3,0,3,1
3,0,4,1
3,0,5,1
3,1,0,1
3,1,1,1
3,1,2,1
3,1,3,1
3,2,0,1
3,2,1,1
3,2,2,1
4,0,3,1
4,0,4,1
4,0,5,1
4,0,6,1
4,1,2,1
4,1,3,1
4,1,4,1
4,2,0,1
4,2,1,1
4,2,2,1
4,2,3,1
4,3,0,1
4,3,1,1
5,0,5,1
5,0,6,1
5,0,7,1
5,1,3,1
5,1,4,1
5,1,5,1
5,2,1,1
5,2,2,1
5,2,3,1
5,2,4,1
5,3,0,1
5,3,1,1
5,3,2,1
5,4,0,1
5,4,1,1
6,0,6,1
6,0,7,1
6,0,8,1
6,0,9,1
6,1,4,1
6,1,5,1
6,1,6,1
6,1,7,1
6,2,3,1
6,2,4,1
6,2,5,1
6,3,1,1
6,3,2,1
6,3,3,1
6,3,4,1
6,4,0,1
6,4,1,1
6,4,2,1
6,5,0,1
7,0,7,1
7,0,8,1
7,0,9,1
7,0,10,1
7,1,6,1
7,1,7,1
7,1,8,1
7,2,4,1
7,2,5,1
7,2,6,1
7,2,7,1
7,3,2,1
7,3,3,1
7,3,4,1
7,3,5,1
7,4,1,1
7,4,2,1
7,4,3,1
7,4,4,1
7,5,0,1
7,5,1,1
7,5,2,1
7,6,0,1
8,0,9,1
8,0,10,1
8,0,11,1
8,0,12,1
8,1,7,1
8,1,8,1
8,1,9,1
8,1,10,1
8,2,6,1
8,2,7,1
8,2,8,1
8,3,4,1
8,3,5,1
8,3,6,1
8,3,7,1
8,4,2,1
8,4,3,1
8,4,4,1
8,4,5,1
8,5,0,1
8,5,1,1
8,5,2,1
8,5,3,1
8,6,0,1
8,6,1,1
8,6,2,1
9,0,10,1
9,0,11,1
9,0,12,1
9,0,13,1
9,0,14,1
9,1,9,1
9,1,10,1
9,1,11,1
9,1,12,1
9,2,7,1
9,2,8,1
9,2,9,1
9,2,10,1
9,3,5,1
9,3,6,1
9,3,7,1
9,3,8,1
9,4,4,1
9,4,5,1
9,4,6,1
9,4,7,1
9,5,2,1
9,5,3,1
9,5,4,1
9,5,5,1
9,6,0,1
9,6,1,1
9,6,2,1
9,6,3,1
9,7,0,1
9,7,1,1
9,8,0,1
10,0,12,1
10,0,13,1
10,0,14,1
10,0,15,1
10,0,16,1
10,0,17,1
10,1,10,1
10,1,11,1
10,1,12,1
10,1,13,1
10,1,14,1
10,2,9,1
10,2,10,1
10,2,11,1
10,2,12,1
10,3,7,1
10,3,8,1
10,3,9,1
10,3,10,1
10,4,5,1
10,4,6,1
10,4,7,1
10,4,8,1
10,4,9,1
10,5,4,1
10,5,5,1
10,5,6,1
10,5,7,1
10,6,2,1
10,6,3,1
10,6,4,1
10,6,5,1
10,7,0,1
10,7,1,1
10,7,2,1
10,7,3,1
10,8,0,1
10,8,1,1
10,8,2,1
11,0,14,1
11,0,15,1
11,0,16,1
11,0,17,1
11,0,18,1
11,1,13,1
11,1,14,1
11,1,15,1
11,1,16,1
11,1,17,1
11,2,11,1
11,2,12,1
11,2,13,1
11,2,14,1
11,3,9,1
11,3,10,1
11,3,11,1
11,3,12,1
11,4,7,1
11,4,8,1
11,4,9,1
11,4,10,1
11,4,11,1
11,5,6,1
11,5,7,1
11,5,8,1
11,5,9,1
11,6,4,1
11,6,5,1
11,6,6,1
11,6,7,1
11,7,2,1
11,7,3,1
11,7,4,1
11,7,5,1
11,8,0,1
11,8,1,1
11,8,2,1
11,8,3,1
11,9,0,1
11,9,1,1
12,0,17,1
12,0,18,1
12,1,15,1
12,1,16,1
12,1,17,1
12,1,18,1
12,2,13,1
12,2,14,1
12,2,15,1
12,2,16,1
12,2,17,1
12,3,11,1
12,3,12,1
12,3,13,1
12,3,14,1
12,3,15,1
12,4,9,1
12,4,10,1
12,4,11,1
12,4,12,1
12,4,13,1
12,5,8,1
12,5,9,1
12,5,10,1
12,5,11,1
12,6,6,1
12,6,7,1
12,6,8,1
12,6,9,1
12,7,4,1
12,7,5,1
12,7,6,1
12,7,7,1
12,7,8,1
12,8,2,1
12,8,3,1
12,8,4,1
12,8,5,1
12,9,0,1
12,9,1,1
12,9,2,1
12,9,3,1
12,9,4,1
12,10,0,1
12,10,1,1
13,1,18,1
13,2,15,1
13,2,16,1
13,2,17,1
13,2,18,1
13,3,14,1
13,3,15,1
13,3,16,1
13,3,17,1
13,3,18,1
13,4,11,1
13,4,12,1
13,4,13,1
13,4,14,1
13,4,15,1
13,4,16,1
13,5,10,1
13,5,11,1
13,5,12,1
13,5,13,1
13,6,8,1
13,6,9,1
13,6,10,1
13,6,11,1
13,6,12,1
13,7,6,1
13,7,7,1
13,7,8,1
13,7,9,1
13,7,10,1
13,8,4,1
13,8,5,1
13,8,6,1
13,8,7,1
13,8,8,1
13,9,2,1
13,9,3,1
13,9,4,1
13,9,5,1
13,9,6,1
13,10,0,1
13,10,1,1
13,10,2,1
13,10,3,1
13,10,4,1
13,11,0,1
13,11,1,1
13,11,2,1
14,3,16,1
14,3,17,1
14,3,18,1
14,4,14,1
14,4,15,1
14,4,16,1
14,4,17,1
14,4,18,1
14,5,12,1
14,5,13,1
14,5,14,1
14,5,15,1
14,5,16,1
14,6,11,1
14,6,12,1
14,6,13,1
14,6,14,1
14,7,8,1
14,7,9,1
14,7,10,1
14,7,11,1
14,7,12,1
14,8,7,1
14,8,8,1
14,8,9,1
14,8,10,1
14,9,5,1
14,9,6,1
14,9,7,1
14,9,8,1
14,10,2,1
14,10,3,1
14,10,4,1
14,10,5,1
14,10,6,1
14,11,0,1
14,11,1,1
14,11,2,1
14,11,3,1
14,11,4,1
14,12,0,1
14,12,1,1
14,12,2,1
15,4,17,1
15,4,18,1
15,5,15,1
15,5,16,1
15,5,17,1
15,5,18,1
15,6,13,1
15,6,14,1
15,6,15,1
15,6,16,1
15,6,17,1
15,7,11,1
15,7,12,1
15,7,13,1
15,7,14,1
15,7,15,1
15,8,9,1
15,8,10,1
15,8,11,1
15,8,12,1
15,8,13,1
15,9,7,1
15,9,8,1
15,9,9,1
15,9,10,1
15,9,11,1
15,10,5,1
15,10,6,1
15,10,7,1
15,10,8,1
15,10,9,1
15,11,3,1
15,11,4,1
15,11,5,1
15,11,6,1
15,11,7,1
15,12,0,1
15,12,1,1
15,12,2,1
15,12,3,1
15,12,4,1
15,12,5,1
15,13,0,1
15,13,1,1
15,13,2,1
16,6,16,1
16,6,17,1
16,6,18,1
16,7,14,1
16,7,15,1
16,7,16,1
16,7,17,1
16,7,18,1
16,8,12,1
16,8,13,1
16,8,14,1
16,8,15,1
16,8,16,1
16,9,10,1
16,9,11,1
16,9,12,1
16,9,13,1
16,9,14,1
16,10,8,1
16,10,9,1
16,10,10,1
16,10,11,1
16,10,12,1
16,11,5,1
16,11,6,1
16,11,7,1
16,11,8,1
16,11,9,1
16,11,10,1
16,12,3,1
16,12,4,1
16,12,5,1
16,12,6,1
16,12,7,1
16,12,8,1
16,13,0,1
16,13,1,1
16,13,2,1
16,13,3,1
16,13,4,1
16,13,5,1
16,14,0,1
16,14,1,1
16,14,2,1
17,7,17,1
17,7,18,1
17,8,14,1
17,8,15,1
17,8,16,1
17,8,17,1
17,8,18,1
17,9,13,1
17,9,14,1
17,9,15,1
17,9,16,1
17,9,17,1
17,10,11,1
17,10,12,1
17,10,13,1
17,10,14,1
17,11,8,1
17,11,9,1
17,11,10,1
17,11,11,1
17,11,12,1
17,12,6,1
17,12,7,1
17,12,8,1
17,12,9,1
17,12,10,1
17,13,3,1
17,13,4,1
17,13,5,1
17,13,6,1
17,13,7,1
17,13,8,1
17,14,0,1
17,14,1,1
17,14,2,1
17,14,3,1
17,14,4,1
17,14,5,1
17,15,0,1
17,15,1,1
17,15,2,1
17,15,3,1
