0,4,0,1
0,4,1,1
0,4,2,1
0,4,3,1
0,4,4,1
0,4,5,1
0,4,12,1
0,4,13,1
0,4,14,1
0,4,15,1
0,5,0,1
0,5,1,1
0,5,5,1
0,5,6,1
0,5,7,1
0,5,8,1
0,5,9,1
0,5,10,1
0,5,11,1
0,5,12,1
0,5,13,1
0,5,14,1
0,5,15,1
0,5,16,1
0,5,17,1
0,5,18,1
0,6,8,1
0,6,9,1
0,6,16,1
0,6,17,1
1,4,1,1
1,4,2,1
1,4,3,1
1,4,4,1
1,4,5,1
1,5,0,1
1,5,1,1
1,5,5,1
1,5,6,1
1,5,7,1
1,5,10,1
1,5,11,1
1,5,12,1
1,5,13,1
1,5,14,1
1,5,15,1
1,5,16,1
1,6,7,1
1,6,8,1
1,6,9,1
1,6,10,1
1,6,11,1
1,6,12,1
1,6,15,1
1,6,16,1
1,6,17,1
1,6,18,1
2,4,2,1
2,4,3,1
2,4,4,1
2,4,5,1
2,5,0,1
2,5,1,1
2,5,2,1
2,5,3,1
2,5,4,1
2,5,5,1
2,5,6,1
2,5,7,1
2,5,14,1
2,6,0,1
2,6,7,1
2,6,8,1
2,6,9,1
2,6,10,1
2,6,11,1
2,6,12,1
2,6,13,1
2,6,14,1
2,6,15,1
2,6,16,1
2,6,17,1
2,6,18,1
3,4,3,1
3,4,4,1
3,5,1,1
3,5,2,1
3,5,3,1
3,5,4,1
3,5,5,1
3,5,6,1
3,5,7,1
3,6,0,1
3,6,1,1
3,6,7,1
3,6,8,1
3,6,9,1
3,6,10,1
3,6,11,1
3,6,12,1
3,6,13,1
3,6,14,1
3,6,15,1
3,6,16,1
3,6,17,1
3,6,18,1
4,5,2,1
4,5,3,1
4,5,4,1
4,5,5,1
4,5,6,1
4,5,7,1
4,5,8,1
4,6,0,1
4,6,1,1
4,6,2,1
4,6,8,1
4,6,9,1
4,6,10,1
4,6,11,1
4,6,12,1
4,6,13,1
4,6,14,1
4,6,15,1
4,6,16,1
4,6,17,1
4,7,0,1
4,7,16,1
4,7,17,1
4,7,18,1
5,5,2,1
5,5,3,1
5,5,4,1
5,5,5,1
5,5,6,1
5,5,7,1
5,5,8,1
5,5,9,1
5,6,0,1
5,6,1,1
5,6,2,1
5,6,8,1
5,6,9,1
5,6,10,1
5,6,11,1
5,6,12,1
5,6,13,1
5,6,14,1
5,6,15,1
5,6,16,1
5,6,17,1
5,6,18,1
5,7,0,1
5,7,17,1
5,7,18,1
6,4,4,1
6,4,5,1
6,4,6,1
6,4,7,1
6,5,2,1
6,5,3,1
6,5,4,1
6,5,7,1
6,5,8,1
6,5,9,1
6,5,10,1
6,5,11,1
6,5,12,1
6,5,13,1
6,5,14,1
6,5,15,1
6,6,0,1
6,6,1,1
6,6,2,1
6,6,11,1
6,6,12,1
6,6,13,1
6,6,14,1
6,6,15,1
6,6,16,1
6,6,17,1
6,6,18,1
6,7,0,1
7,3,6,1
7,3,7,1
7,4,3,1
7,4,4,1
7,4,5,1
7,4,6,1
7,4,7,1
7,4,8,1
7,4,9,1
7,4,10,1
7,5,2,1
7,5,3,1
7,5,9,1
7,5,11,1
7,5,12,1
7,5,13,1
7,5,14,1
7,5,15,1
7,5,16,1
7,6,0,1
7,6,1,1
7,6,2,1
7,6,16,1
7,6,17,1
7,6,18,1
7,7,0,1
8,3,4,1
8,3,5,1
8,3,8,1
8,4,3,1
8,4,4,1
8,4,9,1
8,4,10,1
8,4,12,1
8,4,13,1
8,4,15,1
8,5,1,1
8,5,2,1
8,5,3,1
8,5,15,1
8,5,16,1
8,5,17,1
8,6,0,1
8,6,1,1
8,6,17,1
8,6,18,1
9,2,7,1
9,3,4,1
9,3,5,1
9,3,6,1
9,3,12,1
9,3,15,1
9,4,2,1
9,4,3,1
9,4,4,1
9,4,14,1
9,4,16,1
9,5,1,1
9,5,2,1
9,5,17,1
9,5,18,1
9,6,0,1
9,6,1,1
10,2,4,1
10,2,5,1
10,2,6,1
10,2,13,1
10,2,14,1
10,3,3,1
10,3,4,1
10,3,14,1
10,3,15,1
10,3,16,1
10,4,1,1
10,4,2,1
10,4,3,1
10,4,16,1
10,4,17,1
10,5,0,1
10,5,1,1
10,5,17,1
10,5,18,1
10,6,0,1
11,0,8,1
11,1,5,1
11,1,6,1
11,1,7,1
11,1,12,1
11,2,4,1
11,2,5,1
11,2,11,1
11,2,12,1
11,2,13,1
11,2,14,1
11,3,2,1
11,3,3,1
11,3,14,1
11,3,15,1
11,3,16,1
11,4,1,1
11,4,2,1
11,4,16,1
11,4,17,1
11,5,0,1
11,5,1,1
11,5,17,1
11,5,18,1
11,6,0,1
12,0,6,1
12,0,7,1
12,0,8,1
12,0,9,1
12,1,5,1
12,1,6,1
12,1,10,1
12,1,11,1
12,1,12,1
12,1,13,1
12,1,14,1
12,2,3,1
12,2,4,1
12,2,13,1
12,2,14,1
12,2,15,1
12,2,16,1
12,3,2,1
12,3,3,1
12,3,15,1
12,3,16,1
12,3,17,1
12,4,0,1
12,4,1,1
12,4,2,1
12,4,17,1
12,4,18,1
12,5,0,1
13,0,6,1
13,0,7,1
13,0,8,1
13,0,9,1
13,0,10,1
13,0,11,1
13,0,12,1
13,1,5,1
13,1,6,1
13,1,12,1
13,1,13,1
13,1,14,1
13,2,3,1
13,2,4,1
13,2,14,1
13,2,15,1
13,3,2,1
13,3,3,1
13,3,15,1
13,3,16,1
13,4,0,1
13,4,1,1
13,4,2,1
13,4,16,1
13,4,17,1
13,5,0,1
13,5,17,1
13,5,18,1
14,0,6,1
14,0,7,1
14,0,8,1
14,0,9,1
14,0,10,1
14,0,11,1
14,0,12,1
14,1,5,1
14,1,6,1
14,1,12,1
14,1,13,1
14,2,3,1
14,2,4,1
14,2,13,1
14,2,14,1
14,2,15,1
14,3,2,1
14,3,3,1
14,3,15,1
14,3,16,1
14,4,0,1
14,4,1,1
14,4,2,1
14,4,16,1
14,4,17,1
14,5,0,1
14,5,17,1
14,5,18,1
14,6,18,1
15,0,6,1
15,0,7,1
15,0,8,1
15,0,9,1
15,0,10,1
15,0,11,1
15,1,5,1
15,1,6,1
15,1,7,1
15,1,12,1
15,1,13,1
15,2,3,1
15,2,4,1
15,2,5,1
15,2,13,1
15,2,14,1
15,3,2,1
15,3,3,1
15,3,4,1
15,3,14,1
15,3,15,1
15,4,0,1
15,4,1,1
15,4,2,1
15,4,15,1
15,4,16,1
15,5,0,1
15,5,16,1
15,5,17,1
15,6,17,1
15,6,18,1
16,0,7,1
16,0,8,1
16,0,9,1
16,0,10,1
16,0,11,1
16,1,6,1
16,1,7,1
16,1,10,1
16,1,11,1
16,1,12,1
16,2,4,1
16,2,5,1
16,2,6,1
16,2,12,1
16,2,13,1
16,2,14,1
16,3,2,1
16,3,3,1
16,3,4,1
16,3,13,1
16,3,14,1
16,3,15,1
16,4,1,1
16,4,2,1
16,4,3,1
16,4,15,1
16,4,16,1
16,5,0,1
16,5,1,1
16,5,16,1
16,5,17,1
16,6,17,1
16,6,18,1
17,0,8,1
17,0,9,1
17,0,10,1
17,1,6,1
17,1,7,1
17,1,8,1
17,1,9,1
17,1,10,1
17,1,11,1
17,1,12,1
17,2,5,1
17,2,6,1
17,2,11,1
17,2,12,1
17,2,13,1
17,3,4,1
17,3,5,1
17,3,13,1
17,3,14,1
17,4,2,1
17,4,3,1
17,4,4,1
17,4,14,1
17,4,15,1
17,5,0,1
17,5,1,1
17,5,2,1
17,5,15,1
17,5,16,1
17,6,16,1
17,6,17,1
17,7,17,1
17,7,18,1
18,0,9,1
18,1,7,1
18,1,8,1
18,1,9,1
18,1,10,1
18,2,5,1
18,2,6,1
18,2,11,1
18,2,12,1
18,3,4,1
18,3,5,1
18,3,12,1
18,3,13,1
18,4,3,1
18,4,4,1
18,4,13,1
18,4,14,1
18,4,15,1
18,5,0,1
18,5,1,1
18,5,2,1
18,5,15,1
18,6,16,1
18,7,17,1
