0,1,0,1
0,1,1,1
0,1,2,1
0,1,3,1
0,1,4,1
0,1,5,1
0,1,6,1
0,2,6,1
0,2,7,1
0,2,8,1
0,2,9,1
0,3,8,1
0,3,9,1
0,3,10,1
0,3,11,1
0,4,10,1
0,4,11,1
0,4,12,1
0,5,12,1
0,5,13,1
0,5,14,1
0,6,14,1
0,6,15,1
0,7,15,1
0,7,16,1
0,8,16,1
0,8,17,1
0,8,18,1
0,9,18,1
1,1,0,1
1,1,1,1
1,1,2,1
1,1,3,1
1,1,4,1
1,1,5,1
1,2,5,1
1,2,6,1
1,2,7,1
1,2,8,1
1,3,8,1
1,3,9,1
1,3,10,1
1,4,10,1
1,4,11,1
1,4,12,1
1,5,12,1
1,5,13,1
1,6,13,1
1,6,14,1
1,6,15,1
1,7,15,1
1,7,16,1
1,8,16,1
1,8,17,1
1,9,17,1
1,9,18,1
2,1,0,1
2,1,1,1
2,1,2,1
2,1,3,1
2,1,4,1
2,1,5,1
2,2,5,1
2,2,6,1
2,2,7,1
2,2,8,1
2,3,8,1
2,3,9,1
2,3,10,1
2,4,10,1
2,4,11,1
2,4,12,1
2,5,12,1
2,5,13,1
2,6,13,1
2,6,14,1
2,6,15,1
2,7,15,1
2,7,16,1
2,8,16,1
2,8,17,1
2,9,17,1
2,9,18,1
3,1,0,1
3,1,1,1
3,1,2,1
3,1,3,1
3,1,4,1
3,2,4,1
3,2,5,1
3,2,6,1
3,2,7,1
3,2,8,1
3,3,8,1
3,3,9,1
3,3,10,1
3,4,10,1
3,4,11,1
3,4,12,1
3,5,12,1
3,5,13,1
3,6,13,1
3,6,14,1
3,7,14,1
3,7,15,1
3,7,16,1
3,8,16,1
3,8,17,1
3,9,17,1
3,9,18,1
4,1,0,1
4,1,1,1
4,1,2,1
4,1,3,1
4,1,4,1
4,2,0,1
4,2,4,1
4,2,5,1
4,2,6,1
4,2,7,1
4,3,8,1
4,3,9,1
4,3,10,1
4,4,10,1
4,4,11,1
4,5,11,1
4,5,12,1
4,5,13,1
4,6,13,1
4,6,14,1
4,7,14,1
4,7,15,1
4,7,16,1
4,8,16,1
4,8,17,1
4,9,17,1
4,9,18,1
5,1,0,1
5,1,1,1
5,1,2,1
5,1,3,1
5,1,4,1
5,2,4,1
5,2,5,1
5,2,6,1
5,2,7,1
5,3,7,1
5,3,8,1
5,3,9,1
5,4,9,1
5,4,10,1
5,4,11,1
5,5,11,1
5,5,12,1
5,5,13,1
5,6,13,1
5,6,14,1
5,7,14,1
5,7,15,1
5,8,16,1
5,8,17,1
5,9,17,1
5,9,18,1
6,1,0,1
6,1,1,1
6,1,2,1
6,1,3,1
6,1,4,1
6,2,4,1
6,2,5,1
6,2,6,1
6,2,7,1
6,3,7,1
6,3,8,1
6,3,9,1
6,4,9,1
6,4,10,1
6,4,11,1
6,5,11,1
6,5,12,1
6,5,13,1
6,6,13,1
6,6,14,1
6,7,14,1
6,7,15,1
6,8,15,1
6,8,16,1
6,8,17,1
6,9,17,1
6,9,18,1
7,1,0,1
7,1,1,1
7,1,2,1
7,1,3,1
7,1,4,1
7,2,4,1
7,2,5,1
7,2,6,1
7,2,7,1
7,3,7,1
7,3,8,1
7,3,9,1
7,4,9,1
7,4,10,1
7,4,11,1
7,5,11,1
7,5,12,1
7,6,12,1
7,6,13,1
7,6,14,1
7,7,14,1
7,7,15,1
7,8,15,1
7,8,16,1
7,9,17,1
7,9,18,1
7,10,18,1
8,1,0,1
8,1,1,1
8,1,2,1
8,1,3,1
8,1,4,1
8,2,4,1
8,2,5,1
8,2,6,1
8,2,7,1
8,3,7,1
8,3,8,1
8,3,9,1
8,4,9,1
8,4,10,1
8,4,11,1
8,5,11,1
8,5,12,1
8,6,12,1
8,6,13,1
8,6,14,1
8,7,14,1
8,7,15,1
8,8,15,1
8,8,16,1
8,9,16,1
8,9,17,1
8,9,18,1
8,10,18,1
9,1,0,1
9,1,1,1
9,1,2,1
9,1,3,1
9,1,4,1
9,2,4,1
9,2,5,1
9,2,6,1
9,2,7,1
9,3,7,1
9,3,8,1
9,3,9,1
9,4,9,1
9,4,10,1
9,4,11,1
9,5,11,1
9,5,12,1
9,6,12,1
9,6,13,1
9,6,14,1
9,7,14,1
9,7,15,1
9,8,15,1
9,8,16,1
9,9,16,1
9,9,17,1
9,10,18,1
10,1,0,1
10,1,1,1
10,1,2,1
10,1,3,1
10,1,4,1
10,2,4,1
10,2,5,1
10,2,6,1
10,2,7,1
10,3,7,1
10,3,8,1
10,3,9,1
10,4,9,1
10,4,10,1
10,4,11,1
10,5,11,1
10,5,12,1
10,6,12,1
10,6,13,1
10,6,14,1
10,7,14,1
10,7,15,1
10,8,15,1
10,8,16,1
10,9,16,1
10,9,17,1
10,10,17,1
10,10,18,1
11,1,0,1
11,1,1,1
11,1,2,1
11,1,3,1
11,1,4,1
11,2,5,1
11,2,6,1
11,2,7,1
11,3,7,1
11,3,8,1
11,3,9,1
11,4,9,1
11,4,10,1
11,4,11,1
11,5,11,1
11,5,12,1
11,6,12,1
11,6,13,1
11,7,13,1
11,7,14,1
11,7,15,1
11,8,15,1
11,8,16,1
11,9,16,1
11,9,17,1
11,10,17,1
11,10,18,1
12,1,0,1
12,1,1,1
12,1,2,1
12,1,3,1
12,1,4,1
12,1,5,1
12,2,5,1
12,2,6,1
12,2,7,1
12,3,7,1
12,3,8,1
12,3,9,1
12,4,9,1
12,4,10,1
12,5,11,1
12,5,12,1
12,6,12,1
12,6,13,1
12,7,13,1
12,7,14,1
12,7,15,1
12,8,15,1
12,8,16,1
12,9,16,1
12,9,17,1
12,10,17,1
12,10,18,1
13,0,0,1
13,0,1,1
13,0,2,1
13,1,1,1
13,1,2,1
13,1,3,1
13,1,4,1
13,1,5,1
13,2,5,1
13,2,6,1
13,2,7,1
13,3,7,1
13,3,8,1
13,3,9,1
13,4,9,1
13,4,10,1
13,5,11,1
13,5,12,1
13,6,12,1
13,6,13,1
13,7,13,1
13,7,14,1
13,8,15,1
13,8,16,1
13,9,16,1
13,9,17,1
13,10,17,1
13,10,18,1
14,0,0,1
14,0,1,1
14,0,2,1
14,1,2,1
14,1,3,1
14,1,4,1
14,1,5,1
14,2,5,1
14,2,6,1
14,2,7,1
14,3,7,1
14,3,8,1
14,3,9,1
14,4,9,1
14,4,10,1
14,5,11,1
14,5,12,1
14,6,12,1
14,6,13,1
14,7,13,1
14,7,14,1
14,8,14,1
14,8,15,1
14,8,16,1
14,9,16,1
14,9,17,1
14,10,17,1
14,10,18,1
15,0,0,1
15,0,1,1
15,0,2,1
15,1,3,1
15,1,4,1
15,1,5,1
15,2,5,1
15,2,6,1
15,2,7,1
15,3,8,1
15,3,9,1
15,4,9,1
15,4,10,1
15,5,11,1
15,5,12,1
15,6,12,1
15,6,13,1
15,7,13,1
15,7,14,1
15,8,15,1
15,9,16,1
15,9,17,1
15,10,17,1
15,10,18,1
16,0,0,1
16,0,1,1
16,0,2,1
16,0,3,1
16,1,3,1
16,1,4,1
16,1,5,1
16,1,6,1
16,2,6,1
16,2,7,1
16,3,8,1
16,3,9,1
16,4,9,1
16,4,10,1
16,5,10,1
16,5,11,1
16,5,12,1
16,6,12,1
16,6,13,1
16,7,13,1
16,7,14,1
16,8,14,1
16,8,15,1
16,9,16,1
16,9,17,1
16,10,17,1
16,10,18,1
17,0,0,1
17,0,1,1
17,0,2,1
17,0,3,1
17,1,3,1
17,1,4,1
17,1,5,1
17,1,6,1
17,2,6,1
17,2,7,1
17,3,8,1
17,3,9,1
17,4,9,1
17,4,10,1
17,5,10,1
17,5,11,1
17,5,12,1
17,6,12,1
17,6,13,1
17,7,13,1
17,7,14,1
17,8,14,1
17,8,15,1
17,9,16,1
17,9,17,1
17,10,17,1
17,10,18,1
18,0,1,1
18,0,2,1
18,0,3,1
18,1,4,1
18,1,5,1
18,2,7,1
18,2,8,1
18,3,8,1
18,5,11,1
18,5,12,1
18,6,12,1
18,7,14,1
18,8,14,1
18,8,15,1
18,9,16,1
18,10,17,1
