0,2,0,1
0,2,1,1
1,1,1,1
1,1,2,1
1,2,0,1
1,2,1,1
2,1,1,1
2,1,2,1
2,1,3,1
2,2,0,1
2,2,1,1
3,0,4,1
3,1,1,1
3,1,2,1
3,1,3,1
3,2,0,1
3,2,1,1
4,0,4,1
4,0,5,1
4,0,6,1
4,1,1,1
4,1,2,1
4,1,3,1
4,1,4,1
4,2,0,1
4,2,1,1
5,0,4,1
5,0,5,1
5,0,6,1
5,0,7,1
5,0,8,1
5,1,1,1
5,1,2,1
5,1,3,1
5,1,4,1
5,2,0,1
5,2,1,1
6,0,4,1
6,0,5,1
6,0,6,1
6,0,7,1
6,0,8,1
6,0,9,1
6,0,10,1
6,0,11,1
6,0,12,1
6,0,13,1
6,1,2,1
6,1,3,1
6,1,4,1
6,2,0,1
6,2,1,1
6,2,2,1
7,0,5,1
7,0,6,1
7,0,7,1
7,0,8,1
7,0,9,1
7,0,10,1
7,0,11,1
7,0,12,1
7,0,13,1
7,0,14,1
7,0,15,1
7,0,16,1
7,0,17,1
7,0,18,1
7,1,2,1
7,1,3,1
7,1,4,1
7,1,5,1
7,1,6,1
7,2,0,1
7,2,1,1
7,2,2,1
7,2,3,1
7,3,0,1
8,0,6,1
8,0,7,1
8,0,8,1
8,0,9,1
8,0,10,1
8,0,11,1
8,0,12,1
8,0,13,1
8,0,14,1
8,0,15,1
8,0,16,1
8,0,17,1
8,0,18,1
8,1,3,1
8,1,4,1
8,1,5,1
8,1,6,1
8,1,7,1
8,2,1,1
8,2,2,1
8,2,3,1
8,2,4,1
8,3,0,1
8,3,1,1
9,0,7,1
9,0,8,1
9,0,9,1
9,0,10,1
9,0,11,1
9,0,12,1
9,0,13,1
9,0,14,1
9,0,15,1
9,0,16,1
9,0,17,1
9,0,18,1
9,1,4,1
9,1,5,1
9,1,6,1
9,1,7,1
9,1,8,1
9,2,2,1
9,2,3,1
9,2,4,1
9,2,5,1
9,3,0,1
9,3,1,1
9,3,2,1
9,4,0,1
10,0,10,1
10,0,11,1
10,0,12,1
10,0,13,1
10,0,14,1
10,0,15,1
10,0,16,1
10,0,17,1
10,0,18,1
10,1,6,1
10,1,7,1
10,1,8,1
10,1,9,1
10,1,10,1
10,1,11,1
10,1,12,1
10,1,13,1
10,1,17,1
10,1,18,1
10,2,3,1
10,2,4,1
10,2,5,1
10,2,6,1
10,2,7,1
10,3,0,1
10,3,1,1
10,3,2,1
10,3,3,1
10,3,4,1
10,4,0,1
10,4,1,1
11,0,15,1
11,0,16,1
11,1,8,1
11,1,9,1
11,1,10,1
11,1,11,1
11,1,12,1
11,1,13,1
11,1,14,1
11,1,15,1
11,1,16,1
11,1,17,1
11,1,18,1
11,2,5,1
11,2,6,1
11,2,7,1
11,2,8,1
11,2,9,1
11,3,2,1
11,3,3,1
11,3,4,1
11,3,5,1
11,3,6,1
11,4,0,1
11,4,1,1
11,4,2,1
11,4,3,1
11,5,0,1
12,1,10,1
12,1,11,1
12,1,12,1
12,1,13,1
12,1,14,1
12,1,15,1
12,1,16,1
12,1,17,1
12,1,18,1
12,2,6,1
12,2,7,1
12,2,8,1
12,2,9,1
12,2,10,1
12,2,11,1
12,2,12,1
12,3,4,1
12,3,5,1
12,3,6,1
12,3,7,1
12,3,8,1
12,4,1,1
12,4,2,1
12,4,3,1
12,4,4,1
12,4,5,1
12,5,0,1
12,5,1,1
12,5,2,1
13,1,13,1
13,1,14,1
13,1,15,1
13,1,16,1
13,1,17,1
13,1,18,1
13,2,8,1
13,2,9,1
13,2,10,1
13,2,11,1
13,2,12,1
13,2,13,1
13,2,14,1
13,2,15,1
13,2,16,1
13,2,17,1
13,3,5,1
13,3,6,1
13,3,7,1
13,3,8,1
13,3,9,1
13,3,10,1
13,4,3,1
13,4,4,1
13,4,5,1
13,4,6,1
13,4,7,1
13,5,0,1
13,5,1,1
13,5,2,1
13,5,3,1
13,5,4,1
13,6,0,1
13,6,1,1
14,2,11,1
14,2,12,1
14,2,13,1
14,2,14,1
14,2,15,1
14,2,16,1
14,2,17,1
14,2,18,1
14,3,8,1
14,3,9,1
14,3,10,1
14,3,11,1
14,3,12,1
14,3,13,1
14,4,4,1
14,4,5,1
14,4,6,1
14,4,7,1
14,4,8,1
14,4,9,1
14,5,2,1
14,5,3,1
14,5,4,1
14,5,5,1
14,5,6,1
14,6,0,1
14,6,1,1
14,6,2,1
14,6,3,1
14,7,0,1
15,2,14,1
15,2,15,1
15,2,16,1
15,2,17,1
15,2,18,1
15,3,10,1
15,3,11,1
15,3,12,1
15,3,13,1
15,3,14,1
15,3,15,1
15,3,16,1
15,4,7,1
15,4,8,1
15,4,9,1
15,4,10,1
15,4,11,1
15,4,12,1
15,5,4,1
15,5,5,1
15,5,6,1
15,5,7,1
15,5,8,1
15,5,9,1
15,6,1,1
15,6,2,1
15,6,3,1
15,6,4,1
15,6,5,1
15,6,6,1
15,7,0,1
15,7,1,1
15,7,2,1
16,2,17,1
16,2,18,1
16,3,13,1
16,3,14,1
16,3,15,1
16,3,16,1
16,3,17,1
16,3,18,1
16,4,9,1
16,4,10,1
16,4,11,1
16,4,12,1
16,4,13,1
16,4,14,1
16,5,6,1
16,5,7,1
16,5,8,1
16,5,9,1
16,5,10,1
16,5,11,1
16,6,3,1
16,6,4,1
16,6,5,1
16,6,6,1
16,6,7,1
16,6,8,1
16,7,0,1
16,7,1,1
16,7,2,1
16,7,3,1
16,7,4,1
16,7,5,1
16,8,0,1
16,8,1,1
17,3,15,1
17,3,16,1
17,3,17,1
17,3,18,1
17,4,12,1
17,4,13,1
17,4,14,1
17,4,15,1
17,4,16,1
17,5,9,1
17,5,10,1
17,5,11,1
17,5,12,1
17,5,13,1
17,6,6,1
17,6,7,1
17,6,8,1
17,6,9,1
17,6,10,1
17,7,2,1
17,7,3,1
17,7,4,1
17,7,5,1
17,7,6,1
17,7,7,1
17,8,0,1
17,8,1,1
17,8,2,1
17,8,3,1
