0,0,16,1
0,0,17,1
0,1,14,1
0,1,15,1
0,1,16,1
0,2,13,1
0,2,14,1
0,3,12,1
0,3,13,1
0,4,11,1
0,4,12,1
0,5,10,1
0,5,11,1
0,6,8,1
0,6,9,1
0,6,10,1
0,7,7,1
0,7,8,1
0,8,6,1
0,8,7,1
0,9,5,1
0,9,6,1
0,10,4,1
0,10,5,1
0,11,2,1
0,11,3,1
0,11,4,1
0,12,1,1
0,12,2,1
0,13,0,1
0,13,1,1
1,0,16,1
1,0,17,1
1,1,14,1
1,1,15,1
1,2,13,1
1,2,14,1
1,3,12,1
1,3,13,1
1,4,11,1
1,4,12,1
1,5,10,1
1,5,11,1
1,6,8,1
1,6,9,1
1,7,7,1
1,7,8,1
1,8,6,1
1,8,7,1
1,9,5,1
1,9,6,1
1,10,4,1
1,10,5,1
1,11,2,1
1,11,3,1
1,12,1,1
1,12,2,1
1,13,0,1
1,13,1,1
2,0,16,1
2,0,17,1
2,1,14,1
2,1,15,1
2,2,13,1
2,2,14,1
2,3,12,1
2,3,13,1
2,4,10,1
2,4,11,1
2,4,12,1
2,5,9,1
2,5,10,1
2,6,8,1
2,6,9,1
2,7,7,1
2,7,8,1
2,8,6,1
2,8,7,1
2,9,5,1
2,9,6,1
2,10,3,1
2,10,4,1
2,10,5,1
2,11,2,1
2,11,3,1
2,12,1,1
2,12,2,1
2,13,0,1
3,0,15,1
3,0,16,1
3,0,17,1
3,1,14,1
3,1,15,1
3,2,13,1
3,2,14,1
3,3,12,1
3,3,13,1
3,4,10,1
3,4,11,1
3,5,9,1
3,5,10,1
3,6,8,1
3,6,9,1
3,7,7,1
3,7,8,1
3,8,6,1
3,8,7,1
3,9,4,1
3,9,5,1
3,9,6,1
3,10,3,1
3,10,4,1
3,11,2,1
3,11,3,1
3,12,0,1
3,12,1,1
3,13,0,1
4,0,15,1
4,0,16,1
4,1,14,1
4,1,15,1
4,2,12,1
4,2,13,1
4,2,14,1
4,3,11,1
4,3,12,1
4,4,10,1
4,4,11,1
4,5,9,1
4,5,10,1
4,6,8,1
4,6,9,1
4,7,7,1
4,7,8,1
4,8,5,1
4,8,6,1
4,9,4,1
4,9,5,1
4,10,3,1
4,10,4,1
4,11,1,1
4,11,2,1
4,11,3,1
4,12,0,1
4,12,1,1
4,13,0,1
5,0,15,1
5,0,16,1
5,1,13,1
5,1,14,1
5,1,15,1
5,2,12,1
5,2,13,1
5,3,11,1
5,3,12,1
5,4,10,1
5,4,11,1
5,5,8,1
5,5,9,1
5,6,7,1
5,6,8,1
5,7,6,1
5,7,7,1
5,8,5,1
5,8,6,1
5,9,3,1
5,9,4,1
5,9,5,1
5,10,2,1
5,10,3,1
5,11,0,1
5,11,1,1
5,11,2,1
5,12,0,1
6,0,14,1
6,0,15,1
6,0,16,1
6,1,13,1
6,1,14,1
6,2,12,1
6,2,13,1
6,3,10,1
6,3,11,1
6,3,12,1
6,4,9,1
6,4,10,1
6,5,8,1
6,5,9,1
6,6,7,1
6,6,8,1
6,7,6,1
6,7,7,1
6,8,4,1
6,8,5,1
6,9,3,1
6,9,4,1
6,10,1,1
6,10,2,1
6,10,3,1
6,11,0,1
6,11,1,1
6,12,0,1
7,0,14,1
7,0,15,1
7,1,12,1
7,1,13,1
7,1,14,1
7,2,11,1
7,2,12,1
7,3,10,1
7,3,11,1
7,4,9,1
7,5,8,1
7,5,9,1
7,6,6,1
7,6,7,1
7,7,4,1
7,7,5,1
7,7,6,1
7,8,3,1
7,8,4,1
7,9,2,1
7,9,3,1
7,10,0,1
7,10,1,1
7,10,2,1
7,11,0,1
7,11,1,1
8,0,13,1
8,0,14,1
8,0,15,1
8,1,12,1
8,1,13,1
8,2,11,1
8,2,12,1
8,3,9,1
8,3,10,1
8,3,11,1
8,4,8,1
8,4,9,1
8,5,7,1
8,6,6,1
8,6,7,1
8,7,5,1
8,8,2,1
8,8,3,1
8,8,4,1
8,9,0,1
8,9,1,1
8,9,2,1
8,9,3,1
8,10,0,1
8,10,1,1
9,0,13,1
9,0,14,1
9,1,11,1
9,1,12,1
9,2,10,1
9,2,11,1
9,3,8,1
9,3,9,1
9,4,8,1
9,5,7,1
9,5,8,1
9,6,5,1
9,6,6,1
9,7,3,1
9,7,4,1
9,7,5,1
9,8,2,1
9,8,3,1
9,9,0,1
9,9,1,1
10,0,12,1
10,0,13,1
10,0,14,1
10,1,11,1
10,1,12,1
10,2,10,1
10,3,8,1
10,3,9,1
10,4,7,1
10,4,8,1
10,5,4,1
10,5,6,1
10,6,3,1
10,6,5,1
10,7,2,1
10,7,3,1
10,7,4,1
10,8,0,1
10,8,1,1
11,0,12,1
11,1,10,1
11,1,11,1
11,2,9,1
11,2,10,1
11,3,8,1
11,4,5,1
11,4,6,1
11,4,7,1
11,5,4,1
11,5,5,1
11,6,3,1
11,7,1,1
11,8,0,1
12,0,11,1
12,1,9,1
12,1,10,1
12,2,7,1
12,2,8,1
12,2,9,1
12,3,6,1
12,3,7,1
12,4,4,1
12,4,5,1
12,5,3,1
12,6,1,1
12,6,2,1
13,0,10,1
13,1,8,1
13,1,9,1
13,2,6,1
13,2,7,1
13,3,4,1
13,3,5,1
13,4,2,1
13,4,3,1
14,0,8,1
14,0,9,1
14,0,10,1
14,1,7,1
14,1,9,1
14,2,5,1
14,2,6,1
14,3,3,1
14,3,4,1
14,3,5,1
14,5,1,1
15,0,7,1
15,0,8,1
15,0,9,1
15,1,5,1
15,1,6,1
15,1,7,1
15,2,3,1
15,2,4,1
16,0,6,1
16,0,7,1
16,1,4,1
16,1,5,1
16,2,2,1
16,3,2,1
17,0,4,1
17,0,5,1
17,0,6,1
17,1,1,1
17,1,2,1
17,1,3,1
18,1,0,1
18,1,3,1
