0,0,0,1
0,1,0,1
0,1,1,1
0,2,1,1
0,2,2,1
0,3,2,1
0,3,3,1
0,4,3,1
0,4,4,1
0,5,4,1
0,5,5,1
0,6,5,1
0,6,6,1
0,7,6,1
0,8,7,1
0,8,8,1
0,9,8,1
0,9,9,1
0,10,9,1
0,10,10,1
0,11,10,1
0,11,11,1
0,12,11,1
0,12,12,1
0,13,12,1
0,13,13,1
0,14,13,1
0,14,14,1
0,15,14,1
0,15,15,1
0,16,15,1
0,16,16,1
0,17,16,1
0,17,17,1
0,18,17,1
1,0,0,1
1,1,0,1
1,1,1,1
1,1,2,1
1,2,2,1
1,3,2,1
1,3,3,1
1,3,4,1
1,4,3,1
1,4,4,1
1,4,5,1
1,5,5,1
1,6,6,1
1,6,7,1
1,7,7,1
1,8,8,1
1,9,8,1
1,9,9,1
1,9,10,1
1,10,9,1
1,10,10,1
1,10,11,1
1,11,10,1
1,11,11,1
1,12,12,1
1,13,12,1
1,13,13,1
1,14,13,1
1,14,14,1
1,15,14,1
1,15,15,1
1,16,15,1
1,16,16,1
1,17,16,1
1,17,17,1
1,18,17,1
2,0,1,1
2,1,1,1
2,1,2,1
2,2,2,1
2,2,3,1
2,3,3,1
2,3,4,1
2,4,4,1
2,4,5,1
2,5,6,1
2,6,6,1
2,6,7,1
2,7,7,1
2,7,8,1
2,8,8,1
2,8,9,1
2,9,9,1
2,9,10,1
2,10,10,1
2,10,11,1
2,11,11,1
2,11,12,1
2,12,12,1
2,12,13,1
2,13,13,1
2,13,14,1
2,14,14,1
2,14,15,1
2,15,15,1
2,15,16,1
2,16,16,1
2,16,17,1
2,17,17,1
2,17,18,1
3,0,1,1
3,0,2,1
3,1,2,1
3,1,3,1
3,2,3,1
3,2,4,1
3,3,4,1
3,3,5,1
3,4,5,1
3,4,6,1
3,5,6,1
3,5,7,1
3,6,7,1
3,6,8,1
3,7,8,1
3,7,9,1
3,8,9,1
3,8,10,1
3,9,10,1
3,9,11,1
3,10,11,1
3,10,12,1
3,11,12,1
3,11,13,1
3,12,13,1
3,12,14,1
3,13,14,1
3,13,15,1
3,14,15,1
3,14,16,1
3,15,16,1
3,15,17,1
3,16,17,1
4,0,2,1
4,0,3,1
4,1,3,1
4,1,4,1
4,2,4,1
4,3,4,1
4,3,5,1
4,3,6,1
4,4,6,1
4,4,7,1
4,5,7,1
4,5,8,1
4,6,8,1
4,6,9,1
4,7,9,1
4,8,10,1
4,8,11,1
4,9,11,1
4,9,12,1
4,10,12,1
4,11,13,1
4,11,14,1
4,12,14,1
4,12,15,1
4,13,15,1
4,13,16,1
4,14,16,1
4,14,17,1
4,15,16,1
4,15,17,1
4,15,18,1
4,16,17,1
4,16,18,1
5,0,3,1
5,0,4,1
5,1,4,1
5,2,5,1
5,2,6,1
5,3,6,1
5,4,6,1
5,4,7,1
5,4,8,1
5,5,8,1
5,6,8,1
5,6,9,1
5,7,10,1
5,8,11,1
5,9,11,1
5,9,12,1
5,9,13,1
5,10,13,1
5,10,14,1
5,11,14,1
5,12,14,1
5,12,15,1
5,13,15,1
5,13,16,1
5,14,17,1
5,15,18,1
6,0,4,1
6,1,5,1
6,1,6,1
6,2,6,1
6,3,6,1
6,3,7,1
6,3,8,1
6,5,8,1
6,5,9,1
6,5,10,1
6,6,10,1
6,7,11,1
6,8,11,1
6,8,12,1
6,8,13,1
6,9,13,1
6,10,13,1
6,10,14,1
6,11,14,1
6,11,15,1
6,12,16,1
6,13,16,1
6,13,17,1
6,14,17,1
7,0,4,1
7,0,5,1
7,0,6,1
7,1,6,1
7,2,6,1
7,2,7,1
7,3,8,1
7,4,8,1
7,4,9,1
7,5,10,1
7,6,10,1
7,6,11,1
7,7,11,1
7,7,12,1
7,8,12,1
7,8,13,1
7,9,13,1
7,9,14,1
7,10,14,1
7,10,15,1
7,11,15,1
7,11,16,1
7,12,16,1
7,12,17,1
7,13,17,1
8,1,6,1
8,1,7,1
8,3,8,1
8,3,9,1
8,4,10,1
8,5,10,1
8,5,11,1
8,6,11,1
8,6,12,1
8,7,12,1
8,7,13,1
8,8,13,1
8,8,14,1
8,9,15,1
8,10,15,1
8,10,16,1
8,11,16,1
8,11,17,1
8,12,17,1
8,12,18,1
8,13,18,1
9,0,6,1
9,0,7,1
9,1,8,1
9,2,8,1
9,2,9,1
9,3,9,1
9,3,10,1
9,4,10,1
9,4,11,1
9,5,11,1
9,5,12,1
9,6,12,1
9,6,13,1
9,7,13,1
9,7,14,1
9,8,15,1
9,9,15,1
9,9,16,1
9,10,16,1
9,10,17,1
9,11,17,1
9,11,18,1
10,0,7,1
10,0,8,1
10,1,8,1
10,1,9,1
10,2,9,1
10,2,10,1
10,3,10,1
10,4,11,1
10,4,12,1
10,6,13,1
10,6,14,1
10,7,14,1
10,8,15,1
10,8,16,1
10,9,16,1
10,9,17,1
10,10,17,1
10,10,18,1
11,1,9,1
11,1,10,1
11,3,11,1
11,3,12,1
11,5,12,1
11,5,13,1
11,5,14,1
11,6,14,1
11,6,15,1
11,7,15,1
11,8,16,1
11,8,17,1
11,9,17,1
12,0,9,1
12,1,10,1
12,1,11,1
12,2,11,1
12,3,12,1
12,3,13,1
12,4,13,1
12,5,14,1
12,5,15,1
12,7,16,1
12,7,17,1
12,9,18,1
13,0,10,1
13,0,11,1
13,2,12,1
13,2,13,1
13,4,14,1
13,4,15,1
13,6,15,1
13,6,16,1
13,6,17,1
13,7,17,1
14,0,11,1
14,0,12,1
14,2,13,1
14,2,14,1
14,4,15,1
14,4,16,1
14,6,17,1
15,0,12,1
15,0,13,1
15,1,13,1
15,2,14,1
15,3,15,1
15,3,16,1
15,4,16,1
15,5,17,1
16,1,14,1
16,1,15,1
16,3,16,1
16,3,17,1
17,1,15,1
17,1,16,1
17,3,17,1
18,0,15,1
18,2,16,1
18,2,17,1
